              3
              5
             -1               1               1               1               1 
           0.25              -1        0.333333        0.333333        0.333333 
           0.25        0.333333              -1        0.333333        0.333333 
           0.25        0.333333        0.333333              -1        0.333333 
           0.25        0.333333        0.333333        0.333333              -1 

             -1               1               1               1        0.999868 
       0.999923              -1               1               1        0.999923 
       0.499962             0.5              -1               1        0.499961 
       0.499962             0.5               1              -1        0.499961 
        0.99987               1               1               1              -1 

             -1        0.666667        0.666667        0.999969        0.999969 
            0.5              -1               1        0.999977        0.999977 
            0.5               1              -1        0.999977        0.999977 
            0.5        0.666667        0.666667              -1        0.999992 
            0.5        0.666667        0.666667        0.999992              -1 

