             11
              7
             -1        0.999954        0.999954        0.999954        0.999954        0.999954        0.999954 
       0.166667              -1        0.199992        0.199992        0.199992        0.199992        0.199992 
       0.166667        0.199992              -1        0.199992        0.199992        0.199992        0.199992 
       0.166667        0.199992        0.199992              -1        0.199992        0.199992        0.199992 
       0.166667        0.199992        0.199992        0.199992              -1        0.199992        0.199992 
       0.166667        0.199992        0.199992        0.199992        0.199992              -1        0.199992 
       0.166667        0.199992        0.199992        0.199992        0.199992        0.199992              -1 

             -1               1        0.999131        0.999131        0.999131        0.999131        0.959978 
       0.969467              -1        0.988419        0.988419        0.988419        0.988419        0.988317 
       0.247085            0.25              -1        0.332221        0.332221        0.332221         0.24235 
       0.247085            0.25        0.332221              -1        0.332221        0.332221         0.24235 
       0.247085            0.25        0.332221        0.332221              -1        0.332221         0.24235 
       0.247085            0.25        0.332221        0.332221        0.332221              -1         0.24235 
       0.960134               1        0.984782        0.984782        0.984782        0.984782              -1 

             -1               1        0.999955        0.999955        0.999955        0.998599        0.998599 
       0.999998              -1        0.999954        0.999954        0.999954        0.999112        0.999112 
       0.333333        0.333333              -1        0.499985        0.499985        0.333037        0.333037 
       0.333333        0.333333        0.499985              -1        0.499985        0.333037        0.333037 
       0.333333        0.333333        0.499985        0.499985              -1        0.333037        0.333037 
       0.499999             0.5        0.499977        0.499977        0.499977              -1        0.999812 
       0.499999             0.5        0.499977        0.499977        0.499977        0.999812              -1 

             -1        0.999998        0.999998         0.99999         0.99999        0.985393        0.985393 
       0.499947              -1        0.999998        0.499996        0.499996        0.994758        0.994756 
       0.499947        0.999998              -1        0.499996        0.499996        0.994756        0.994758 
       0.499913        0.499996        0.499996              -1        0.999998        0.496803        0.496803 
       0.499913        0.499996        0.499996        0.999998              -1        0.496803        0.496803 
       0.499877        0.999995        0.999995        0.499999        0.499999              -1        0.998848 
       0.499877        0.999995        0.999995        0.499999        0.499999        0.998848              -1 

             -1        0.999998        0.999414        0.999414        0.999414        0.999867        0.883035 
         0.5714              -1        0.599267        0.599267        0.599267        0.571369        0.946973 
         0.2857        0.333332              -1        0.399632        0.399632        0.285684        0.306813 
         0.2857        0.333332        0.399632              -1        0.399632        0.285684        0.306813 
         0.2857        0.333332        0.399632        0.399632              -1        0.285684        0.306813 
       0.999869        0.999987         0.99664         0.99664         0.99664              -1        0.979948 
       0.571346        0.999992        0.597871        0.597871        0.597871        0.571423              -1 

             -1        0.956646        0.999995         0.99687         0.99872         0.99872        0.985909 
       0.996595              -1        0.999999        0.984578        0.999704        0.999704        0.987886 
       0.995338        0.969201              -1        0.978878        0.999143        0.999143        0.994255 
       0.999536         0.86701        0.999986              -1        0.996579        0.996579        0.996656 
       0.497679        0.484556        0.499998        0.489431              -1         0.99957        0.497125 
       0.497679        0.484556        0.499998        0.489431         0.99957              -1        0.497125 
       0.996823         0.90488         0.99999        0.985505        0.997607        0.997607              -1 

             -1            0.75            0.75            0.75        0.994904        0.994904        0.994904 
       0.333333              -1             0.5             0.5        0.997741        0.497739        0.497739 
       0.333333             0.5              -1             0.5        0.497739        0.997741        0.497739 
       0.333333             0.5             0.5              -1        0.497739        0.497739        0.997741 
       0.333333            0.75            0.25            0.25              -1        0.499434        0.499434 
       0.333333            0.25            0.75            0.25        0.499434              -1        0.499434 
       0.333333            0.25            0.25            0.75        0.499434        0.499434              -1 

             -1        0.991077               1        0.996161        0.998827        0.995862        0.968297 
       0.665604              -1        0.666667        0.991852        0.666362        0.664156        0.980851 
        0.99807        0.985243              -1        0.985185        0.998069        0.998059        0.985184 
       0.666364        0.980903        0.666667              -1        0.664173        0.665597         0.99183 
       0.995899        0.996188               1         0.96832              -1        0.998823        0.991035 
       0.998833        0.968499               1        0.991012        0.995873              -1        0.996166 
       0.664174        0.991862        0.666667        0.980879        0.665605        0.666361              -1 

             -1             0.5        0.999721        0.999721               1        0.999721        0.999721 
            0.5              -1         0.59972         0.59972             0.5         0.59972         0.59972 
          0.375            0.25              -1         0.59993           0.375         0.39993         0.39993 
          0.375            0.25         0.59993              -1           0.375         0.39993         0.39993 
              1             0.5        0.999721        0.999721              -1        0.999721        0.999721 
          0.375            0.25         0.39993         0.39993           0.375              -1         0.59993 
          0.375            0.25         0.39993         0.39993           0.375         0.59993              -1 

             -1        0.666667        0.999955        0.999955               1        0.999969        0.957067 
        0.96559              -1        0.999954        0.999954               1        0.999954        0.965461 
       0.488532        0.333333              -1        0.999977             0.5        0.499985        0.488483 
       0.488532        0.333333        0.999977              -1             0.5        0.499985        0.488483 
       0.977188        0.666667        0.999953        0.999953              -1        0.999969        0.977008 
        0.98853        0.333333        0.999954        0.999954               1              -1        0.988502 
       0.957431        0.666667        0.999953        0.999953               1        0.999969              -1 

             -1          0.9938          0.9938               1               1        0.993744        0.993744 
            0.5              -1        0.999097            0.75            0.75        0.994677         0.99467 
            0.5        0.999097              -1            0.75            0.75         0.99467        0.994677 
            0.5        0.996901          0.9969              -1               1        0.996877        0.996869 
            0.5          0.9969        0.996901               1              -1        0.996869        0.996877 
            0.5        0.994742        0.994741            0.75            0.75              -1        0.999085 
            0.5        0.994741        0.994742            0.75            0.75        0.999085              -1 

