              6
              5
             -1               1               1               1               1 
           0.25              -1        0.333333        0.333333        0.333333 
           0.25        0.333333              -1        0.333333        0.333333 
           0.25        0.333333        0.333333              -1        0.333333 
           0.25        0.333333        0.333333        0.333333              -1 

             -1               0               1               1               1 
              0              -1               0               0               0 
              1               0              -1               1               1 
              1               0               1              -1               1 
              1               0               1               1              -1 

             -1               0               0               1               0 
              0              -1               0               0               1 
              0               0              -1               0               0 
              1               0               0              -1               0 
              0               1               0               0              -1 

             -1             0.5        0.499962        0.499961               1 
              1              -1        0.999923        0.999923               1 
              1               1              -1        0.999868               1 
              1               1         0.99987              -1               1 
              1             0.5        0.499962        0.499961              -1 

             -1        0.666667        0.999956        0.666667             0.5 
       0.999766              -1        0.999766               1             0.5 
       0.999956        0.666667              -1        0.666667             0.5 
       0.999766               1        0.999766              -1             0.5 
       0.999823        0.666667        0.999823        0.666667              -1 

             -1               0               0               0               0 
              0              -1               0               0               0 
              0               0              -1             0.5               1 
              0               0               1              -1               1 
              0               0               1             0.5              -1 

