1
40
0000000000000000000011000000000000000000
0000000000000000000001100000000000000000
0000000000000000000000110000000000000000
0000000000000000000000011000000000000000
0000000000000000000000001100000000000000
0000000000000000000000000110000000000000
0000000000000000000000000011000000000000
0000000000000000000000000001100000000000
0000000000000000000000000000110000000000
0000000000000000000000000000011000000000
0000000000000000000000000000001100000000
0000000000000000000000000000000110000000
0000000000000000000000000000000011000000
0000000000000000000000000000000001100000
0000000000000000000000000000000000110000
0000000000000000000000000000000000011000
0000000000000000000000000000000000001100
0000000000000000000000000000000000000110
0000000000000000000000000000000000000011
0000000000000000000010000000000000000001
1000000000000000000100000000000000000000
1100000000000000000000000000000000000000
0110000000000000000000000000000000000000
0011000000000000000000000000000000000000
0001100000000000000000000000000000000000
0000110000000000000000000000000000000000
0000011000000000000000000000000000000000
0000001100000000000000000000000000000000
0000000110000000000000000000000000000000
0000000011000000000000000000000000000000
0000000001100000000000000000000000000000
0000000000110000000000000000000000000000
0000000000011000000000000000000000000000
0000000000001100000000000000000000000000
0000000000000110000000000000000000000000
0000000000000011000000000000000000000000
0000000000000001100000000000000000000000
0000000000000000110000000000000000000000
0000000000000000011000000000000000000000
0000000000000000001100000000000000000000
