7
50
00000000000000000000000001010000000000000000000000
00000000000000000000000000101000000000000000000000
00000000000000000000000000010100000000000000000000
00000000000000000000000000001010000000000000000000
00000000000000000000000000000101000000000000000000
00000000000000000000000000000010100000000000000000
00000000000000000000000000000001010000000000000000
00000000000000000000000000000000101000000000000000
00000000000000000000000000000000010100000000000000
00000000000000000000000000000000001010000000000000
00000000000000000000000000000000000101000000000000
00000000000000000000000000000000000010100000000000
00000000000000000000000000000000000001010000000000
00000000000000000000000000000000000000101000000000
00000000000000000000000000000000000000010100000000
00000000000000000000000000000000000000001010000000
00000000000000000000000000000000000000000101000000
00000000000000000000000000000000000000000010100000
00000000000000000000000000000000000000000001010000
00000000000000000000000000000000000000000000101000
00000000000000000000000000000000000000000000010100
00000000000000000000000000000000000000000000001010
00000000000000000000000000000000000000000000000101
00000000000000000000000001000000000000000000000010
00000000000000000000000000100000000000000000000001
10000000000000000000000100000000000000000000000000
01000000000000000000000010000000000000000000000000
10100000000000000000000000000000000000000000000000
01010000000000000000000000000000000000000000000000
00101000000000000000000000000000000000000000000000
00010100000000000000000000000000000000000000000000
00001010000000000000000000000000000000000000000000
00000101000000000000000000000000000000000000000000
00000010100000000000000000000000000000000000000000
00000001010000000000000000000000000000000000000000
00000000101000000000000000000000000000000000000000
00000000010100000000000000000000000000000000000000
00000000001010000000000000000000000000000000000000
00000000000101000000000000000000000000000000000000
00000000000010100000000000000000000000000000000000
00000000000001010000000000000000000000000000000000
00000000000000101000000000000000000000000000000000
00000000000000010100000000000000000000000000000000
00000000000000001010000000000000000000000000000000
00000000000000000101000000000000000000000000000000
00000000000000000010100000000000000000000000000000
00000000000000000001010000000000000000000000000000
00000000000000000000101000000000000000000000000000
00000000000000000000010100000000000000000000000000
00000000000000000000001010000000000000000000000000

50
00000000000000000000000001100000000000000000000000
00000000000000000000000000110000000000000000000000
00000000000000000000000000011000000000000000000000
00000000000000000000000000001100000000000000000000
00000000000000000000000000000110000000000000000000
00000000000000000000000000000011000000000000000000
00000000000000000000000000000001100000000000000000
00000000000000000000000000000000110000000000000000
00000000000000000000000000000000011000000000000000
00000000000000000000000000000000001100000000000000
00000000000000000000000000000000000110000000000000
00000000000000000000000000000000000011000000000000
00000000000000000000000000000000000001100000000000
00000000000000000000000000000000000000110000000000
00000000000000000000000000000000000000011000000000
00000000000000000000000000000000000000001100000000
00000000000000000000000000000000000000000110000000
00000000000000000000000000000000000000000011000000
00000000000000000000000000000000000000000001100000
00000000000000000000000000000000000000000000110000
00000000000000000000000000000000000000000000011000
00000000000000000000000000000000000000000000001100
00000000000000000000000000000000000000000000000110
00000000000000000000000000000000000000000000000011
00000000000000000000000001000000000000000000000001
10000000000000000000000010000000000000000000000000
11000000000000000000000000000000000000000000000000
01100000000000000000000000000000000000000000000000
00110000000000000000000000000000000000000000000000
00011000000000000000000000000000000000000000000000
00001100000000000000000000000000000000000000000000
00000110000000000000000000000000000000000000000000
00000011000000000000000000000000000000000000000000
00000001100000000000000000000000000000000000000000
00000000110000000000000000000000000000000000000000
00000000011000000000000000000000000000000000000000
00000000001100000000000000000000000000000000000000
00000000000110000000000000000000000000000000000000
00000000000011000000000000000000000000000000000000
00000000000001100000000000000000000000000000000000
00000000000000110000000000000000000000000000000000
00000000000000011000000000000000000000000000000000
00000000000000001100000000000000000000000000000000
00000000000000000110000000000000000000000000000000
00000000000000000011000000000000000000000000000000
00000000000000000001100000000000000000000000000000
00000000000000000000110000000000000000000000000000
00000000000000000000011000000000000000000000000000
00000000000000000000001100000000000000000000000000
00000000000000000000000110000000000000000000000000

50
00000000000000000000000001100000000000000000000001
00000000000000000000000000100000000000000000000000
00000000000000000000000000111000000000000000000000
00000000000000000000000000001000000000000000000000
00000000000000000000000000001110000000000000000000
00000000000000000000000000000010000000000000000000
00000000000000000000000000000011100000000000000000
00000000000000000000000000000000100000000000000000
00000000000000000000000000000000111000000000000000
00000000000000000000000000000000001000000000000000
00000000000000000000000000000000001110000000000000
00000000000000000000000000000000000010000000000000
00000000000000000000000000000000000011100000000000
00000000000000000000000000000000000000100000000000
00000000000000000000000000000000000000111000000000
00000000000000000000000000000000000000001000000000
00000000000000000000000000000000000000001110000000
00000000000000000000000000000000000000000010000000
00000000000000000000000000000000000000000011100000
00000000000000000000000000000000000000000000100000
00000000000000000000000000000000000000000000111000
00000000000000000000000000000000000000000000001000
00000000000000000000000000000000000000000000001110
00000000000000000000000000000000000000000000000010
00000000000000000000000001000000000000000000000011
10000000000000000000000010000000000000000000000000
11100000000000000000000000000000000000000000000000
00100000000000000000000000000000000000000000000000
00111000000000000000000000000000000000000000000000
00001000000000000000000000000000000000000000000000
00001110000000000000000000000000000000000000000000
00000010000000000000000000000000000000000000000000
00000011100000000000000000000000000000000000000000
00000000100000000000000000000000000000000000000000
00000000111000000000000000000000000000000000000000
00000000001000000000000000000000000000000000000000
00000000001110000000000000000000000000000000000000
00000000000010000000000000000000000000000000000000
00000000000011100000000000000000000000000000000000
00000000000000100000000000000000000000000000000000
00000000000000111000000000000000000000000000000000
00000000000000001000000000000000000000000000000000
00000000000000001110000000000000000000000000000000
00000000000000000010000000000000000000000000000000
00000000000000000011100000000000000000000000000000
00000000000000000000100000000000000000000000000000
00000000000000000000111000000000000000000000000000
00000000000000000000001000000000000000000000000000
00000000000000000000001110000000000000000000000000
10000000000000000000000010000000000000000000000000

50
00000000000000000000000000101000000000000000000000
00000000000000000000000000010100000000000000000000
00000000000000000000000000001010000000000000000000
00000000000000000000000000000101000000000000000000
00000000000000000000000000000010100000000000000000
00000000000000000000000000000001010000000000000000
00000000000000000000000000000000101000000000000000
00000000000000000000000000000000010100000000000000
00000000000000000000000000000000001010000000000000
00000000000000000000000000000000000101000000000000
00000000000000000000000000000000000010100000000000
00000000000000000000000000000000000001010000000000
00000000000000000000000000000000000000101000000000
00000000000000000000000000000000000000010100000000
00000000000000000000000000000000000000001010000000
00000000000000000000000000000000000000000101000000
00000000000000000000000000000000000000000010100000
00000000000000000000000000000000000000000001010000
00000000000000000000000000000000000000000000101000
00000000000000000000000000000000000000000000010100
00000000000000000000000000000000000000000000001010
00000000000000000000000000000000000000000000000101
00000000000000000000000001000000000000000000000010
00000000000000000000000000100000000000000000000001
00000000000000000000000001010000000000000000000000
00000000000000000000001010000000000000000000000000
10000000000000000000000100000000000000000000000000
01000000000000000000000010000000000000000000000000
10100000000000000000000000000000000000000000000000
01010000000000000000000000000000000000000000000000
00101000000000000000000000000000000000000000000000
00010100000000000000000000000000000000000000000000
00001010000000000000000000000000000000000000000000
00000101000000000000000000000000000000000000000000
00000010100000000000000000000000000000000000000000
00000001010000000000000000000000000000000000000000
00000000101000000000000000000000000000000000000000
00000000010100000000000000000000000000000000000000
00000000001010000000000000000000000000000000000000
00000000000101000000000000000000000000000000000000
00000000000010100000000000000000000000000000000000
00000000000001010000000000000000000000000000000000
00000000000000101000000000000000000000000000000000
00000000000000010100000000000000000000000000000000
00000000000000001010000000000000000000000000000000
00000000000000000101000000000000000000000000000000
00000000000000000010100000000000000000000000000000
00000000000000000001010000000000000000000000000000
00000000000000000000101000000000000000000000000000
00000000000000000000010100000000000000000000000000

50
00000000000000000000000001001001001000000000000000
00000000000000000000000000100100100100000000000000
00000000000000000000000000010010010010000000000000
00000000000000000000000000001001001001000000000000
00000000000000000000000000000100100100100000000000
00000000000000000000000000000010010010010000000000
00000000000000000000000000000001001001001000000000
00000000000000000000000000000000100100100100000000
00000000000000000000000000000000010010010010000000
00000000000000000000000000000000001001001001000000
00000000000000000000000000000000000100100100100000
00000000000000000000000000000000000010010010010000
00000000000000000000000000000000000001001001001000
00000000000000000000000000000000000000100100100100
00000000000000000000000000000000000000010010010010
00000000000000000000000000000000000000001001001001
00000000000000000000000001000000000000000100100100
00000000000000000000000000100000000000000010010010
00000000000000000000000000010000000000000001001001
00000000000000000000000001001000000000000000100100
00000000000000000000000000100100000000000000010010
00000000000000000000000000010010000000000000001001
00000000000000000000000001001001000000000000000100
00000000000000000000000000100100100000000000000010
00000000000000000000000000010010010000000000000001
10000000000000001001001000000000000000000000000000
01000000000000000100100100000000000000000000000000
00100000000000000010010010000000000000000000000000
10010000000000000001001000000000000000000000000000
01001000000000000000100100000000000000000000000000
00100100000000000000010010000000000000000000000000
10010010000000000000001000000000000000000000000000
01001001000000000000000100000000000000000000000000
00100100100000000000000010000000000000000000000000
10010010010000000000000000000000000000000000000000
01001001001000000000000000000000000000000000000000
00100100100100000000000000000000000000000000000000
00010010010010000000000000000000000000000000000000
00001001001001000000000000000000000000000000000000
00000100100100100000000000000000000000000000000000
00000010010010010000000000000000000000000000000000
00000001001001001000000000000000000000000000000000
00000000100100100100000000000000000000000000000000
00000000010010010010000000000000000000000000000000
00000000001001001001000000000000000000000000000000
00000000000100100100100000000000000000000000000000
00000000000010010010010000000000000000000000000000
00000000000001001001001000000000000000000000000000
00000000000000100100100100000000000000000000000000
00000000000000010010010010000000000000000000000000

50
00000000000000000000000000000001001001001000000000
00000000000000000000000000000000100100100100000000
00000000000000000000000000000000010010010010000000
00000000000000000000000000000000001001001001000000
00000000000000000000000000000000000100100100100000
00000000000000000000000000000000000010010010010000
00000000000000000000000000000000000001001001001000
00000000000000000000000000000000000000100100100100
00000000000000000000000000000000000000010010010010
00000000000000000000000000000000000000001001001001
00000000000000000000000001000000000000000100100100
00000000000000000000000000100000000000000010010010
00000000000000000000000000010000000000000001001001
00000000000000000000000001001000000000000000100100
00000000000000000000000000100100000000000000010010
00000000000000000000000000010010000000000000001001
00000000000000000000000001001001000000000000000100
00000000000000000000000000100100100000000000000010
00000000000000000000000000010010010000000000000001
00000000000000000000000001001001001000000000000000
00000000000000000000000000100100100100000000000000
00000000000000000000000000010010010010000000000000
00000000000000000000000000001001001001000000000000
00000000000000000000000000000100100100100000000000
00000000000000000000000000000010010010010000000000
00000000001001001001000000000000000000000000000000
00000000000100100100100000000000000000000000000000
00000000000010010010010000000000000000000000000000
00000000000001001001001000000000000000000000000000
00000000000000100100100100000000000000000000000000
00000000000000010010010010000000000000000000000000
10000000000000001001001000000000000000000000000000
01000000000000000100100100000000000000000000000000
00100000000000000010010010000000000000000000000000
10010000000000000001001000000000000000000000000000
01001000000000000000100100000000000000000000000000
00100100000000000000010010000000000000000000000000
10010010000000000000001000000000000000000000000000
01001001000000000000000100000000000000000000000000
00100100100000000000000010000000000000000000000000
10010010010000000000000000000000000000000000000000
01001001001000000000000000000000000000000000000000
00100100100100000000000000000000000000000000000000
00010010010010000000000000000000000000000000000000
00001001001001000000000000000000000000000000000000
00000100100100100000000000000000000000000000000000
00000010010010010000000000000000000000000000000000
00000001001001001000000000000000000000000000000000
00000000100100100100000000000000000000000000000000
00000000010010010010000000000000000000000000000000

50
00000000000000000000000000000000000001001001001000
00000000000000000000000000000000000000100100100100
00000000000000000000000000000000000000010010010010
00000000000000000000000000000000000000001001001001
00000000000000000000000001000000000000000100100100
00000000000000000000000000100000000000000010010010
00000000000000000000000000010000000000000001001001
00000000000000000000000001001000000000000000100100
00000000000000000000000000100100000000000000010010
00000000000000000000000000010010000000000000001001
00000000000000000000000001001001000000000000000100
00000000000000000000000000100100100000000000000010
00000000000000000000000000010010010000000000000001
00000000000000000000000001001001001000000000000000
00000000000000000000000000100100100100000000000000
00000000000000000000000000010010010010000000000000
00000000000000000000000000001001001001000000000000
00000000000000000000000000000100100100100000000000
00000000000000000000000000000010010010010000000000
00000000000000000000000000000001001001001000000000
00000000000000000000000000000000100100100100000000
00000000000000000000000000000000010010010010000000
00000000000000000000000000000000001001001001000000
00000000000000000000000000000000000100100100100000
00000000000000000000000000000000000010010010010000
00001001001001000000000000000000000000000000000000
00000100100100100000000000000000000000000000000000
00000010010010010000000000000000000000000000000000
00000001001001001000000000000000000000000000000000
00000000100100100100000000000000000000000000000000
00000000010010010010000000000000000000000000000000
00000000001001001001000000000000000000000000000000
00000000000100100100100000000000000000000000000000
00000000000010010010010000000000000000000000000000
00000000000001001001001000000000000000000000000000
00000000000000100100100100000000000000000000000000
00000000000000010010010010000000000000000000000000
10000000000000001001001000000000000000000000000000
01000000000000000100100100000000000000000000000000
00100000000000000010010010000000000000000000000000
10010000000000000001001000000000000000000000000000
01001000000000000000100100000000000000000000000000
00100100000000000000010010000000000000000000000000
10010010000000000000001000000000000000000000000000
01001001000000000000000100000000000000000000000000
00100100100000000000000010000000000000000000000000
10010010010000000000000000000000000000000000000000
01001001001000000000000000000000000000000000000000
00100100100100000000000000000000000000000000000000
00010010010010000000000000000000000000000000000000

