23
8
01111111
10000000
10000000
10000000
10000000
10000000
10000000
10000000

8
01111110
10000001
10000000
10000000
10000000
10000000
10000000
01000000

8
01111100
10000011
10000000
10000000
10000000
10000000
01000000
01000000

8
01111100
10000010
10000001
10000000
10000000
10000000
01000000
00100000

8
01111100
10000010
10000000
10000000
10000000
10000000
01000001
00000010

8
01111000
10000111
10000000
10000000
10000000
01000000
01000000
01000000

8
01111000
10000110
10000001
10000000
10000000
01000000
01000000
00100000

8
01111000
10000110
10000000
10000000
10000000
01000001
01000000
00000100

8
01111000
10000100
10000010
10000001
10000000
01000000
00100000
00010000

8
01111000
10000100
10000010
10000000
10000000
01000001
00100000
00000100

8
01111000
10000100
10000000
10000000
10000000
01000011
00000100
00000100

8
01111000
10000100
10000000
10000000
10000000
01000010
00000101
00000010

8
01110000
10001100
10000011
10000000
01000000
01000000
00100000
00100000

8
01110000
10001100
10000010
10000001
01000000
01000000
00100000
00010000

8
01110000
10001100
10000010
10000000
01000001
01000000
00100000
00001000

8
01110000
10001100
10000010
10000000
01000000
01000000
00100001
00000010

8
01110000
10001000
10000100
10000010
01000001
00100000
00010000
00001000

8
01110000
10001000
10000100
10000000
01000011
00100000
00001000
00001000

8
01110000
10001000
10000100
10000000
01000010
00100001
00001000
00000100

8
01110000
10001000
10000100
10000000
01000010
00100000
00001001
00000010

8
01110000
10001000
10000000
10000000
01000100
00001011
00000100
00000100

8
01110000
10001000
10000000
10000000
01000100
00001010
00000101
00000010

8
01100000
10010000
10001000
01000100
00100010
00010001
00001000
00000100

