11
7
0111111
1000000
1000000
1000000
1000000
1000000
1000000


7
0111110
1000001
1000000
1000000
1000000
1000000
0100000


7
0111100
1000011
1000000
1000000
1000000
0100000
0100000


7
0111100
1000010
1000001
1000000
1000000
0100000
0010000


7
0111100
1000010
1000000
1000000
1000000
0100001
0000010


7
0111000
1000110
1000001
1000000
0100000
0100000
0010000


7
0111000
1000100
1000010
1000001
0100000
0010000
0001000


7
0111000
1000100
1000010
1000000
0100001
0010000
0000100


7
0111000
1000100
1000000
1000000
0100011
0000100
0000100


7
0111000
1000100
1000000
1000000
0100010
0000101
0000010


7
0110000
1001000
1000100
0100010
0010001
0001000
0000100

