47
9
011111111
100000000
100000000
100000000
100000000
100000000
100000000
100000000
100000000

9
011111110
100000001
100000000
100000000
100000000
100000000
100000000
100000000
010000000

9
011111100
100000011
100000000
100000000
100000000
100000000
100000000
010000000
010000000

9
011111100
100000010
100000001
100000000
100000000
100000000
100000000
010000000
001000000

9
011111100
100000010
100000000
100000000
100000000
100000000
100000000
010000001
000000010

9
011111000
100000111
100000000
100000000
100000000
100000000
010000000
010000000
010000000

9
011111000
100000110
100000001
100000000
100000000
100000000
010000000
010000000
001000000

9
011111000
100000110
100000000
100000000
100000000
100000000
010000001
010000000
000000100

9
011111000
100000100
100000010
100000001
100000000
100000000
010000000
001000000
000100000

9
011111000
100000100
100000010
100000000
100000000
100000000
010000001
001000000
000000100

9
011111000
100000100
100000000
100000000
100000000
100000000
010000011
000000100
000000100

9
011111000
100000100
100000000
100000000
100000000
100000000
010000010
000000101
000000010

9
011110000
100001110
100000001
100000000
100000000
010000000
010000000
010000000
001000000

9
011110000
100001100
100000011
100000000
100000000
010000000
010000000
001000000
001000000

9
011110000
100001100
100000010
100000001
100000000
010000000
010000000
001000000
000100000

9
011110000
100001100
100000010
100000000
100000000
010000001
010000000
001000000
000001000

9
011110000
100001100
100000010
100000000
100000000
010000000
010000000
001000001
000000010

9
011110000
100001100
100000000
100000000
100000000
010000011
010000000
000001000
000001000

9
011110000
100001100
100000000
100000000
100000000
010000010
010000001
000001000
000000100

9
011110000
100001100
100000000
100000000
100000000
010000010
010000000
000001001
000000010

9
011110000
100001000
100000100
100000010
100000001
010000000
001000000
000100000
000010000

9
011110000
100001000
100000100
100000010
100000000
010000001
001000000
000100000
000001000

9
011110000
100001000
100000100
100000000
100000000
010000011
001000000
000001000
000001000

9
011110000
100001000
100000100
100000000
100000000
010000010
001000001
000001000
000000100

9
011110000
100001000
100000100
100000000
100000000
010000010
001000000
000001001
000000010

9
011110000
100001000
100000000
100000000
100000000
010000111
000001000
000001000
000001000

9
011110000
100001000
100000000
100000000
100000000
010000110
000001001
000001000
000000100

9
011110000
100001000
100000000
100000000
100000000
010000100
000001011
000000100
000000100

9
011110000
100001000
100000000
100000000
100000000
010000100
000001010
000000101
000000010

9
011100000
100011000
100000110
100000001
010000000
010000000
001000000
001000000
000100000

9
011100000
100011000
100000110
100000000
010000001
010000000
001000000
001000000
000010000

9
011100000
100011000
100000100
100000010
010000001
010000000
001000000
000100000
000010000

9
011100000
100011000
100000100
100000010
010000000
010000000
001000001
000100000
000000100

9
011100000
100011000
100000100
100000000
010000010
010000000
001000001
000010000
000000100

9
011100000
100011000
100000100
100000000
010000000
010000000
001000011
000000100
000000100

9
011100000
100011000
100000100
100000000
010000000
010000000
001000010
000000101
000000010

9
011100000
100010000
100001000
100000100
010000011
001000000
000100000
000010000
000010000

9
011100000
100010000
100001000
100000100
010000010
001000001
000100000
000010000
000001000

9
011100000
100010000
100001000
100000100
010000010
001000000
000100000
000010001
000000010

9
011100000
100010000
100001000
100000000
010000110
001000001
000010000
000010000
000001000

9
011100000
100010000
100001000
100000000
010000110
001000000
000010001
000010000
000000100

9
011100000
100010000
100001000
100000000
010000100
001000010
000010001
000001000
000000100

9
011100000
100010000
100001000
100000000
010000100
001000000
000010011
000000100
000000100

9
011100000
100010000
100001000
100000000
010000100
001000000
000010010
000000101
000000010

9
011100000
100010000
100000000
100000000
010001000
000010100
000001011
000000100
000000100

9
011100000
100010000
100000000
100000000
010001000
000010100
000001010
000000101
000000010

9
011000000
100100000
100010000
010001000
001000100
000100010
000010001
000001000
000000100

