106
10
0111111111
1000000000
1000000000
1000000000
1000000000
1000000000
1000000000
1000000000
1000000000
1000000000

10
0111111110
1000000001
1000000000
1000000000
1000000000
1000000000
1000000000
1000000000
1000000000
0100000000

10
0111111100
1000000011
1000000000
1000000000
1000000000
1000000000
1000000000
1000000000
0100000000
0100000000

10
0111111100
1000000010
1000000001
1000000000
1000000000
1000000000
1000000000
1000000000
0100000000
0010000000

10
0111111100
1000000010
1000000000
1000000000
1000000000
1000000000
1000000000
1000000000
0100000001
0000000010

10
0111111000
1000000111
1000000000
1000000000
1000000000
1000000000
1000000000
0100000000
0100000000
0100000000

10
0111111000
1000000110
1000000001
1000000000
1000000000
1000000000
1000000000
0100000000
0100000000
0010000000

10
0111111000
1000000110
1000000000
1000000000
1000000000
1000000000
1000000000
0100000001
0100000000
0000000100

10
0111111000
1000000100
1000000010
1000000001
1000000000
1000000000
1000000000
0100000000
0010000000
0001000000

10
0111111000
1000000100
1000000010
1000000000
1000000000
1000000000
1000000000
0100000001
0010000000
0000000100

10
0111111000
1000000100
1000000000
1000000000
1000000000
1000000000
1000000000
0100000011
0000000100
0000000100

10
0111111000
1000000100
1000000000
1000000000
1000000000
1000000000
1000000000
0100000010
0000000101
0000000010

10
0111110000
1000001111
1000000000
1000000000
1000000000
1000000000
0100000000
0100000000
0100000000
0100000000

10
0111110000
1000001110
1000000001
1000000000
1000000000
1000000000
0100000000
0100000000
0100000000
0010000000

10
0111110000
1000001110
1000000000
1000000000
1000000000
1000000000
0100000001
0100000000
0100000000
0000001000

10
0111110000
1000001100
1000000011
1000000000
1000000000
1000000000
0100000000
0100000000
0010000000
0010000000

10
0111110000
1000001100
1000000010
1000000001
1000000000
1000000000
0100000000
0100000000
0010000000
0001000000

10
0111110000
1000001100
1000000010
1000000000
1000000000
1000000000
0100000001
0100000000
0010000000
0000001000

10
0111110000
1000001100
1000000010
1000000000
1000000000
1000000000
0100000000
0100000000
0010000001
0000000010

10
0111110000
1000001100
1000000000
1000000000
1000000000
1000000000
0100000011
0100000000
0000001000
0000001000

10
0111110000
1000001100
1000000000
1000000000
1000000000
1000000000
0100000010
0100000001
0000001000
0000000100

10
0111110000
1000001100
1000000000
1000000000
1000000000
1000000000
0100000010
0100000000
0000001001
0000000010

10
0111110000
1000001000
1000000100
1000000010
1000000001
1000000000
0100000000
0010000000
0001000000
0000100000

10
0111110000
1000001000
1000000100
1000000010
1000000000
1000000000
0100000001
0010000000
0001000000
0000001000

10
0111110000
1000001000
1000000100
1000000000
1000000000
1000000000
0100000011
0010000000
0000001000
0000001000

10
0111110000
1000001000
1000000100
1000000000
1000000000
1000000000
0100000010
0010000001
0000001000
0000000100

10
0111110000
1000001000
1000000100
1000000000
1000000000
1000000000
0100000010
0010000000
0000001001
0000000010

10
0111110000
1000001000
1000000000
1000000000
1000000000
1000000000
0100000111
0000001000
0000001000
0000001000

10
0111110000
1000001000
1000000000
1000000000
1000000000
1000000000
0100000110
0000001001
0000001000
0000000100

10
0111110000
1000001000
1000000000
1000000000
1000000000
1000000000
0100000100
0000001011
0000000100
0000000100

10
0111110000
1000001000
1000000000
1000000000
1000000000
1000000000
0100000100
0000001010
0000000101
0000000010

10
0111100000
1000011100
1000000011
1000000000
1000000000
0100000000
0100000000
0100000000
0010000000
0010000000

10
0111100000
1000011100
1000000010
1000000001
1000000000
0100000000
0100000000
0100000000
0010000000
0001000000

10
0111100000
1000011100
1000000010
1000000000
1000000000
0100000001
0100000000
0100000000
0010000000
0000010000

10
0111100000
1000011100
1000000010
1000000000
1000000000
0100000000
0100000000
0100000000
0010000001
0000000010

10
0111100000
1000011000
1000000110
1000000001
1000000000
0100000000
0100000000
0010000000
0010000000
0001000000

10
0111100000
1000011000
1000000110
1000000000
1000000000
0100000001
0100000000
0010000000
0010000000
0000010000

10
0111100000
1000011000
1000000100
1000000010
1000000001
0100000000
0100000000
0010000000
0001000000
0000100000

10
0111100000
1000011000
1000000100
1000000010
1000000000
0100000001
0100000000
0010000000
0001000000
0000010000

10
0111100000
1000011000
1000000100
1000000010
1000000000
0100000000
0100000000
0010000001
0001000000
0000000100

10
0111100000
1000011000
1000000100
1000000000
1000000000
0100000011
0100000000
0010000000
0000010000
0000010000

10
0111100000
1000011000
1000000100
1000000000
1000000000
0100000010
0100000001
0010000000
0000010000
0000001000

10
0111100000
1000011000
1000000100
1000000000
1000000000
0100000010
0100000000
0010000001
0000010000
0000000100

10
0111100000
1000011000
1000000100
1000000000
1000000000
0100000010
0100000000
0010000000
0000010001
0000000010

10
0111100000
1000011000
1000000100
1000000000
1000000000
0100000000
0100000000
0010000011
0000000100
0000000100

10
0111100000
1000011000
1000000100
1000000000
1000000000
0100000000
0100000000
0010000010
0000000101
0000000010

10
0111100000
1000011000
1000000000
1000000000
1000000000
0100000111
0100000000
0000010000
0000010000
0000010000

10
0111100000
1000011000
1000000000
1000000000
1000000000
0100000110
0100000001
0000010000
0000010000
0000001000

10
0111100000
1000011000
1000000000
1000000000
1000000000
0100000110
0100000000
0000010001
0000010000
0000000100

10
0111100000
1000011000
1000000000
1000000000
1000000000
0100000100
0100000010
0000010001
0000001000
0000000100

10
0111100000
1000011000
1000000000
1000000000
1000000000
0100000100
0100000000
0000010011
0000000100
0000000100

10
0111100000
1000011000
1000000000
1000000000
1000000000
0100000100
0100000000
0000010010
0000000101
0000000010

10
0111100000
1000010000
1000001000
1000000100
1000000010
0100000001
0010000000
0001000000
0000100000
0000010000

10
0111100000
1000010000
1000001000
1000000100
1000000000
0100000011
0010000000
0001000000
0000010000
0000010000

10
0111100000
1000010000
1000001000
1000000100
1000000000
0100000010
0010000001
0001000000
0000010000
0000001000

10
0111100000
1000010000
1000001000
1000000100
1000000000
0100000010
0010000000
0001000000
0000010001
0000000010

10
0111100000
1000010000
1000001000
1000000000
1000000000
0100000111
0010000000
0000010000
0000010000
0000010000

10
0111100000
1000010000
1000001000
1000000000
1000000000
0100000110
0010000001
0000010000
0000010000
0000001000

10
0111100000
1000010000
1000001000
1000000000
1000000000
0100000110
0010000000
0000010001
0000010000
0000000100

10
0111100000
1000010000
1000001000
1000000000
1000000000
0100000100
0010000010
0000010001
0000001000
0000000100

10
0111100000
1000010000
1000001000
1000000000
1000000000
0100000100
0010000000
0000010011
0000000100
0000000100

10
0111100000
1000010000
1000001000
1000000000
1000000000
0100000100
0010000000
0000010010
0000000101
0000000010

10
0111100000
1000010000
1000000000
1000000000
1000000000
0100001100
0000010011
0000010000
0000001000
0000001000

10
0111100000
1000010000
1000000000
1000000000
1000000000
0100001100
0000010010
0000010001
0000001000
0000000100

10
0111100000
1000010000
1000000000
1000000000
1000000000
0100001100
0000010010
0000010000
0000001001
0000000010

10
0111100000
1000010000
1000000000
1000000000
1000000000
0100001000
0000010111
0000001000
0000001000
0000001000

10
0111100000
1000010000
1000000000
1000000000
1000000000
0100001000
0000010110
0000001001
0000001000
0000000100

10
0111100000
1000010000
1000000000
1000000000
1000000000
0100001000
0000010100
0000001011
0000000100
0000000100

10
0111100000
1000010000
1000000000
1000000000
1000000000
0100001000
0000010100
0000001010
0000000101
0000000010

10
0111000000
1000110000
1000001100
1000000011
0100000000
0100000000
0010000000
0010000000
0001000000
0001000000

10
0111000000
1000110000
1000001100
1000000010
0100000001
0100000000
0010000000
0010000000
0001000000
0000100000

10
0111000000
1000110000
1000001100
1000000010
0100000000
0100000000
0010000000
0010000000
0001000001
0000000010

10
0111000000
1000110000
1000001100
1000000000
0100000011
0100000000
0010000000
0010000000
0000100000
0000100000

10
0111000000
1000110000
1000001100
1000000000
0100000010
0100000001
0010000000
0010000000
0000100000
0000010000

10
0111000000
1000110000
1000001100
1000000000
0100000010
0100000000
0010000001
0010000000
0000100000
0000001000

10
0111000000
1000110000
1000001100
1000000000
0100000010
0100000000
0010000000
0010000000
0000100001
0000000010

10
0111000000
1000110000
1000001000
1000000100
0100000010
0100000001
0010000000
0001000000
0000100000
0000010000

10
0111000000
1000110000
1000001000
1000000100
0100000010
0100000000
0010000001
0001000000
0000100000
0000001000

10
0111000000
1000110000
1000001000
1000000100
0100000010
0100000000
0010000000
0001000000
0000100001
0000000010

10
0111000000
1000110000
1000001000
1000000100
0100000000
0100000000
0010000011
0001000000
0000001000
0000001000

10
0111000000
1000110000
1000001000
1000000100
0100000000
0100000000
0010000010
0001000001
0000001000
0000000100

10
0111000000
1000110000
1000001000
1000000100
0100000000
0100000000
0010000010
0001000000
0000001001
0000000010

10
0111000000
1000110000
1000001000
1000000000
0100000100
0100000000
0010000011
0000100000
0000001000
0000001000

10
0111000000
1000110000
1000001000
1000000000
0100000100
0100000000
0010000010
0000100001
0000001000
0000000100

10
0111000000
1000110000
1000001000
1000000000
0100000100
0100000000
0010000010
0000100000
0000001001
0000000010

10
0111000000
1000110000
1000001000
1000000000
0100000000
0100000000
0010000110
0000001001
0000001000
0000000100

10
0111000000
1000110000
1000001000
1000000000
0100000000
0100000000
0010000100
0000001011
0000000100
0000000100

10
0111000000
1000110000
1000001000
1000000000
0100000000
0100000000
0010000100
0000001010
0000000101
0000000010

10
0111000000
1000100000
1000010000
1000001000
0100000110
0010000001
0001000000
0000100000
0000100000
0000010000

10
0111000000
1000100000
1000010000
1000001000
0100000110
0010000000
0001000000
0000100001
0000100000
0000000100

10
0111000000
1000100000
1000010000
1000001000
0100000100
0010000010
0001000001
0000100000
0000010000
0000001000

10
0111000000
1000100000
1000010000
1000001000
0100000100
0010000010
0001000000
0000100001
0000010000
0000000100

10
0111000000
1000100000
1000010000
1000001000
0100000100
0010000000
0001000000
0000100011
0000000100
0000000100

10
0111000000
1000100000
1000010000
1000001000
0100000100
0010000000
0001000000
0000100010
0000000101
0000000010

10
0111000000
1000100000
1000010000
1000000000
0100001100
0010000011
0000100000
0000100000
0000010000
0000010000

10
0111000000
1000100000
1000010000
1000000000
0100001100
0010000010
0000100001
0000100000
0000010000
0000001000

10
0111000000
1000100000
1000010000
1000000000
0100001100
0010000010
0000100000
0000100000
0000010001
0000000010

10
0111000000
1000100000
1000010000
1000000000
0100001000
0010000100
0000100011
0000010000
0000001000
0000001000

10
0111000000
1000100000
1000010000
1000000000
0100001000
0010000100
0000100010
0000010001
0000001000
0000000100

10
0111000000
1000100000
1000010000
1000000000
0100001000
0010000100
0000100010
0000010000
0000001001
0000000010

10
0111000000
1000100000
1000010000
1000000000
0100001000
0010000000
0000100110
0000001001
0000001000
0000000100

10
0111000000
1000100000
1000010000
1000000000
0100001000
0010000000
0000100100
0000001011
0000000100
0000000100

10
0111000000
1000100000
1000010000
1000000000
0100001000
0010000000
0000100100
0000001010
0000000101
0000000010

10
0111000000
1000100000
1000000000
1000000000
0100010000
0000101000
0000010100
0000001011
0000000100
0000000100

10
0111000000
1000100000
1000000000
1000000000
0100010000
0000101000
0000010100
0000001010
0000000101
0000000010

10
0110000000
1001000000
1000100000
0100010000
0010001000
0001000100
0000100010
0000010001
0000001000
0000000100

